image_width: 640
image_height: 480
camera_name: rgb_PS1080_PrimeSense
camera_matrix:
  rows: 3
  cols: 3
  data: [478.9027785431986, 0, 320.5960400024933, 0, 482.098839614086, 251.7326887278756, 0, 0, 1]
distortion_model: plumb_bob
distortion_coefficients:
  rows: 1
  cols: 5
  data: [0.04598709831891543, -0.08018180589153837, 0.0006359617090299046, -8.438899439399562e-05, 0]
rectification_matrix:
  rows: 3
  cols: 3
  data: [1, 0, 0, 0, 1, 0, 0, 0, 1]
projection_matrix:
  rows: 3
  cols: 4
  data: [480.3567810058594, 0, 320.0537344014811, 0, 0, 484.2276306152344, 251.439312718052, 0, 0, 0, 1, 0]